225.74 394.61 295
229.55 366.73 295
343.51 596.84 295
392.79 622.48 295
454.7 635.68 295
468.35 141.76 295
512.61 137.82 295
637.16 595.41 295
674.71 567.1 295
690.92 222.58 295
696 554.53 295
621.95 172.17 295
229.82 380.05 296
231.94 353.61 296
232.76 428.97 296
331.87 588.76 296
364.02 608.2 296
395.36 621.26 296
473.03 638.88 296
624.93 176.38 296
630.32 601.08 296
703.87 544.79 296
234.01 342.24 297
239.23 451.94 297
313.4 574.56 297
396.93 620.38 297
497.77 642.37 297
601.72 619.3 297
627.73 179.37 297
711.72 544.25 297
770.98 389.67 297
234.72 337.88 298
246.34 487.41 298
301.5 569.25 298
357.1 181 298
399.3 621.65 298
514.77 645.45 298
590.47 627.7 298
630.88 181.15 298
717.8 536.75 298
771.64 398.89 298
235.59 331.83 299
249.64 502.99 299
275.24 545.04 299
289.98 562.39 299
332.13 197.59 299
384.73 165.96 299
400.05 622.68 299
556.41 638.77 299
627.28 181.31 299
721.33 536.21 299
774.81 405.18 299
243.62 316.92 300
262.35 528.61 300
325.74 204.61 300
379.65 169.45 300
396.91 618.73 300
419.94 157.67 300
599.66 173.17 300
628.33 184.77 300
727.21 530.22 300
772.2 412.41 300
