536.49 584.46 242
682.41 396.16 243
554.48 576.97 243
503.5 597.96 243
228.14 532.23 244
491.59 605.29 244
675.58 373.79 244
567.97 570.97 244
217.2 504.46 245
246.17 541.18 245
291.61 570.54 245
322.65 596.47 245
464.89 602.43 245
680.78 355.91 245
578.47 561.98 245
213.49 490.86 246
244.63 538.23 246
308.26 579.89 246
458.81 606.84 246
686.7 337.36 246
686.9 372.07 246
590.46 549.98 246
182.26 273.65 247
208.85 484.51 247
250.65 543.57 247
326.15 585.96 247
438.61 604.48 247
688.34 329.12 247
688.35 369.92 247
602.46 539.49 247
183.07 305.1 248
194.27 232.02 248
205.01 466.11 248
270.14 552.01 248
341.85 589.83 248
423.72 604.37 248
616.93 531.53 248
662.59 182.47 248
691.72 368.39 248
692 320.75 248
181.63 328.73 249
209.78 212.27 249
336.79 90.967 249
368.66 597.47 249
377.55 76.189 249
403.07 604.72 249
409.87 77.685 249
631.77 524.75 249
693.41 370.68 249
694.59 313.83 249
202.15 452.53 249
245.63 536.49 249
180.75 356.2 250
197.75 444.31 250
224.72 195.06 250
245.5 525.83 250
270.61 546.7 250
348.79 86.853 250
398.2 71.307 250
438.22 73.468 250
638.83 516.6 250
650.79 162.88 250
666.71 179.65 250
695.95 369.55 250
697.85 309.41 250
